No	pH	CN.soil	DOC	DNH4	DNO3	DON	DPO4	CN.ss	CP.ss	NP.ss	qC	C.mic	N.mic	P.mic	CN.mic	DNA	Bgasa	PO4asa	AlaApesa	PerOx	C.plant	N.plant	P.plant	NP.p	Foliar.15N	Foliar.13C	Plant.BMS	RS	SLA	C.exu	N.exu	P.exu	CN.exu	NO3.exu	Nspc.exu	Pspc.exu
3	5.67	12.08	18.39	0.17	1.29	1.31	1.17	7.75	40.48	5.22	159.81	92.25	19.41	4.43	5.54	6.89	34.77	29.79	7.54	80.95	418.02	14.95	3.10	10.66	8.45	2.50	1.99	0.26	188.04	700.29	28.50	6.19	28.67	1.16	68.88	14.96
4	5.67	12.13	22.53	0.23	1.54	1.51	0.97	8.01	59.78	7.46	160.78	99.03	21.07	3.57	5.48	7.75	41.94	34.84	7.83	79.88	416.55	17.47	3.55	10.91	8.60	2.32	2.10	0.43	245.60	748.55	30.51	7.29	28.62	0.86	48.43	11.57
5	5.70	11.67	12.93	0.16	1.59	0.63	1.02	6.36	32.71	5.14	170.49	78.49	18.52	3.73	4.95	6.37	25.04	18.69	5.85	83.77	418.23	18.64	3.52	11.71	7.92	2.36	1.76	0.23	256.45	560.37	20.12	5.34	32.50	0.94	60.96	16.17
6	5.74	11.76	18.05	0.14	1.34	0.80	0.93	9.24	50.26	5.44	183.18	84.22	18.60	6.05	5.92	8.05	49.56	34.18	9.11	77.24	418.07	20.08	3.83	11.61	9.42	3.29	1.96	0.42	242.24	690.81	28.11	6.28	28.67	1.20	48.78	10.90
14	5.80	11.74	17.31	0.20	1.96	1.10	1.08	6.19	41.59	6.71	156.32	86.86	12.88	4.35	7.87	7.08	40.17	29.15	6.78	81.29	404.73	37.93	5.50	15.27	13.81	4.12	0.57	0.49	141.91	145.53	13.17	3.20	12.89	4.14	70.48	17.13
15	5.63	12.27	15.93	0.17	2.00	0.91	0.99	6.02	41.57	6.90	150.79	89.00	13.93	5.52	7.45	7.78	38.32	23.30	6.58	84.09	412.61	26.53	4.08	14.41	10.12	3.48	0.97	0.59	145.48	240.62	21.84	5.43	12.85	5.45	60.66	15.08
16	5.56	12.32	18.95	0.33	2.84	1.11	1.23	5.16	39.70	7.69	189.43	72.73	8.89	8.25	9.54	5.62	48.76	39.48	8.43	81.74	402.08	36.39	4.35	18.52	15.15	3.79	0.32	0.56	347.13	58.44	5.61	1.29	12.15	2.64	48.72	11.17
17	5.54	12.35	18.58	0.22	2.46	0.95	1.32	5.96	36.29	6.09	192.96	74.21	9.51	15.97	9.11	5.43	43.05	30.15	8.84	84.70	401.42	40.94	4.27	21.21	13.92	4.74	0.56	0.46	285.37	81.37	7.53	1.80	12.60	4.96	42.81	10.23
20	5.68	11.96	18.89	0.09	1.54	0.78	1.23	9.18	39.73	4.33	218.88	62.53	9.30	6.06	7.84	5.53	34.84	29.44	8.99	84.26	416.28	27.05	4.18	14.34	12.40	2.42	1.36	0.39	172.48	392.94	30.77	8.46	14.90	6.24	80.04	22.02
21	5.57	12.30	14.84	0.14	1.51	0.67	1.03	7.45	37.26	5.00	137.19	94.26	16.03	9.51	6.86	6.30	32.43	23.15	8.50	80.26	417.50	24.17	4.69	11.41	11.66	2.43	1.08	0.32	150.73	288.21	30.17	9.04	11.14	4.31	115.03	34.48
22	5.62	11.94	16.77	0.19	1.79	0.89	1.13	6.81	38.19	5.61	157.31	74.53	8.98	7.49	9.68	4.81	32.77	21.64	5.81	80.48	418.41	32.47	5.36	13.41	12.76	2.86	0.65	0.31	211.97	157.32	20.39	4.49	9.00	7.82	131.57	29.00
23	5.68	12.04	14.42	0.23	2.32	0.71	1.52	5.16	24.46	4.74	240.77	62.80	5.33	6.38	9.37	6.87	39.24	27.21	7.72	86.15	416.95	32.73	5.44	13.32	12.29	2.95	0.77	0.33	272.70	167.25	13.38	4.08	14.58	2.84	70.42	21.47
26	5.69	12.43	14.55	0.11	1.42	0.77	1.29	7.38	29.20	3.96	158.33	82.56	12.07	12.84	7.98	6.02	42.28	30.10	7.59	84.08	407.44	21.88	4.25	11.40	10.71	2.96	1.65	0.41	275.77	524.99	38.28	31.95	16.00	2.49	80.29	67.01
27	5.64	12.70	17.50	0.07	1.39	1.11	1.02	7.94	44.24	5.57	166.58	96.29	14.53	14.75	7.73	6.47	37.17	27.51	8.54	84.33	420.89	14.12	3.16	9.91	8.25	2.69	2.84	0.26	154.75	1364.87	78.75	55.83	20.22	2.75	135.08	95.76
28	5.70	12.23	15.95	0.24	1.99	0.89	1.13	5.97	36.51	6.11	191.98	93.17	15.54	15.69	7.00	7.14	47.67	30.31	8.62	84.11	417.10	16.89	3.57	10.49	8.79	2.99	2.55	0.35	267.70	1050.87	72.12	47.77	17.00	3.50	108.71	72.00
29	5.65	12.17	22.29	0.13	1.12	1.31	1.32	10.16	43.63	4.29	168.44	92.60	17.52	11.49	6.17	7.05	36.13	30.46	6.57	76.57	414.55	14.00	3.62	8.56	9.76	3.10	2.61	0.38	211.42	1090.71	70.69	60.60	18.00	3.57	98.93	84.80
32	5.70	11.77	17.27	0.03	0.40	1.23	0.78	12.11	56.99	4.71	150.72	98.79	16.40	11.45	7.03	8.42	39.12	31.15	6.70	77.03	409.47	16.57	4.32	8.50	5.16	1.55	5.12	0.78	145.30	1871.00	64.14	73.74	34.03	1.80	28.62	32.91
33	5.92	12.00	20.01	0.04	0.64	1.18	1.06	12.60	48.61	3.86	148.62	114.33	20.06	10.77	6.65	8.53	38.43	29.61	7.40	83.79	409.07	19.33	4.71	9.08	6.37	1.98	5.19	0.54	215.00	1638.30	60.21	56.37	31.75	3.14	33.19	31.07
34	5.61	12.28	18.66	0.05	0.48	1.71	0.82	9.69	58.84	6.07	172.74	90.54	15.98	8.02	6.61	6.68	37.62	28.57	6.48	75.38	404.93	17.40	4.50	8.56	6.49	2.10	5.16	0.82	158.28	1911.30	67.06	73.51	33.25	1.83	28.87	31.65
35	5.83	12.32	18.43	0.06	0.49	1.14	0.87	12.77	54.70	4.28	239.26	96.79	14.99	7.56	7.53	7.10	37.25	29.91	8.23	77.26	410.75	18.08	4.79	8.35	2.44	1.50	5.38	0.71	194.05	1939.58	74.66	69.27	30.31	3.22	33.33	30.92
38	5.83	11.67	18.79	0.28	1.15	1.13	1.23	8.55	39.60	4.63	201.20	73.29	14.80	7.70	5.78	6.97	37.79	31.68	8.08	81.97	408.59	19.41	3.91	10.99	9.26	2.62	1.57	0.32	516.56	162.59	10.50	13.26	18.07	1.37	27.50	34.72
39	5.64	11.88	17.41	0.26	1.39	0.84	1.17	8.16	38.57	4.73	266.72	55.18	8.02	6.94	6.57	7.02	26.63	24.06	5.51	81.13	396.24	22.47	4.87	10.23	11.14	2.06	1.45	0.41	451.36	255.37	15.17	7.42	19.64	1.78	36.13	17.66
40	5.65	12.25	13.85	0.26	1.16	0.75	1.10	7.44	32.47	4.36	204.53	70.20	13.09	8.61	6.25	6.27	28.01	22.87	5.66	80.98	406.82	23.55	5.02	10.38	10.03	2.12	1.37	0.32	281.45	142.25	8.47	8.37	19.60	1.13	25.66	25.36
41	5.69	12.65	23.97	0.16	1.17	1.17	1.05	11.22	59.03	5.26	245.04	60.66	13.10	5.03	5.40	6.66	23.74	22.01	5.35	80.71	409.21	20.98	4.55	10.22	10.36	2.30	1.65	0.32	403.68	198.37	12.77	6.84	18.12	2.42	31.70	16.98
44	5.84	11.92	22.72	0.12	0.57	1.43	1.13	12.57	52.07	4.14	278.40	77.77	15.06	8.81	6.02	7.11	35.25	26.32	7.85	83.26	432.78	18.65	3.94	10.47	5.25	3.23	3.77	0.25	129.12	1160.50	62.47	70.03	21.67	3.76	82.62	92.61
45	5.77	13.14	20.88	0.15	0.94	1.44	1.11	9.66	48.52	5.02	191.41	93.63	15.62	7.88	6.99	7.64	33.30	24.36	5.93	78.91	433.69	21.50	4.19	11.35	5.73	3.67	3.27	0.22	115.59	675.47	41.49	42.28	18.99	4.17	69.15	70.47
46	5.78	12.20	20.10	0.06	0.64	1.43	0.94	11.02	55.04	5.00	310.17	55.55	11.71	4.46	5.53	6.76	30.47	24.17	4.61	75.52	422.96	19.93	4.54	9.72	6.38	3.30	3.54	0.29	180.93	1010.50	59.44	63.16	19.83	3.73	75.32	80.03
47	5.63	11.75	19.79	0.09	0.82	1.45	0.97	9.79	52.75	5.39	196.17	88.66	16.36	9.24	6.32	8.08	31.26	23.89	5.63	79.93	425.81	20.77	4.61	9.98	7.72	2.75	2.53	0.29	154.88	556.33	32.16	33.92	20.18	2.45	55.81	58.87
50	5.76	12.08	21.97	0.12	1.00	1.43	0.97	10.02	58.66	5.85	247.53	80.01	15.22	6.86	6.13	8.61	40.63	32.34	7.55	78.26	417.71	21.36	4.56	10.36	8.77	1.87	3.12	0.52	204.91	901.65	52.21	34.69	20.15	2.10	49.01	32.56
51	5.79	12.05	23.75	0.16	0.70	1.68	0.93	10.92	66.05	6.05	274.87	73.09	12.28	8.20	6.94	6.48	37.92	27.72	7.33	78.38	419.14	19.80	4.56	9.61	4.75	1.93	4.12	0.39	203.60	1090.84	70.35	52.64	18.09	4.40	61.19	45.79
52	5.78	11.83	21.53	0.16	0.81	1.36	0.71	10.81	78.35	7.25	271.82	68.24	9.43	3.73	8.45	6.42	41.16	32.82	6.09	77.63	415.46	21.33	4.88	9.67	6.46	2.35	4.18	0.37	193.51	1257.48	78.59	57.16	18.67	1.79	69.85	50.80
53	5.75	12.23	23.49	0.21	0.67	1.71	0.82	10.59	73.57	6.95	278.91	66.20	11.51	3.83	6.71	5.72	52.67	38.04	8.63	78.50	410.36	20.84	4.79	9.64	5.24	2.38	4.27	0.31	219.09	1484.99	88.39	61.87	19.60	4.13	87.87	61.51
114	5.74	13.90	20.60	0.37	1.94	1.28	0.89	6.70	60.13	8.98	188.26	71.57	10.68	6.07	7.82	7.64	34.78	28.39	7.82	80.84	407.92	13.19	3.43	8.50	9.72	2.45	1.92	0.61	250.09	682.90	37.75	16.34	21.11	0.41	52.12	22.56
115	5.76	13.57	23.76	0.18	2.85	0.82	1.18	7.19	52.22	7.26	346.94	134.84	21.34	8.22	7.37	7.27	30.59	31.24	9.25	84.73	411.86	13.94	3.25	9.51	10.72	1.96	2.05	0.55	223.31	745.02	39.78	22.25	21.85	0.54	54.58	30.53
116	5.77	13.83	31.93	0.24	2.25	2.43	1.17	7.57	70.37	9.30	370.16	79.72	11.07	9.64	8.40	8.77	26.64	33.24	10.87	82.00	411.40	12.52	3.16	8.78	10.37	2.30	2.41	0.42	191.88	757.50	41.39	21.64	21.35	0.51	58.30	30.48
117	5.82	13.35	31.98	0.19	2.15	1.63	1.15	9.39	71.62	7.63	343.25	131.50	19.55	14.16	7.85	6.83	29.81	30.55	9.51	79.48	415.57	12.91	3.07	9.31	9.51	2.35	2.12	0.29	196.97	868.08	46.92	21.70	21.58	0.45	97.76	45.21
120	5.67	14.09	26.10	0.16	2.70	1.95	1.69	6.33	39.82	6.29	248.76	63.73	10.30	9.14	7.22	6.60	44.22	40.38	11.14	88.22	413.73	23.88	3.37	15.69	13.26	4.83	0.89	0.46	147.43	334.56	15.05	8.77	25.93	0.41	53.75	31.32
121	5.66	13.50	20.27	0.30	2.89	1.46	1.36	5.08	38.37	7.55	306.43	54.82	3.12	6.01	9.27	6.00	38.92	33.66	8.82	84.15	424.10	23.52	2.24	23.23	11.55	5.19	0.84	0.40	152.18	333.34	20.58	6.84	18.90	0.64	85.68	28.47
122	5.76	14.28	20.44	0.11	2.12	0.93	1.60	7.55	32.96	4.36	228.25	77.17	13.88	2.96	6.48	7.18	34.94	29.92	7.05	84.17	415.30	22.75	2.95	17.09	10.65	3.87	1.48	0.47	188.00	594.77	27.76	14.76	25.00	1.93	59.06	31.40
123	5.71	13.91	19.86	0.41	2.88	0.86	1.37	5.59	37.51	6.71	245.90	86.57	9.95	3.83	10.15	6.88	31.84	31.49	7.00	83.65	412.45	19.72	3.13	13.94	11.25	3.92	0.75	0.63	157.84	268.45	17.40	6.14	18.00	1.11	60.58	21.39
126	5.83	12.93	28.15	0.19	1.74	1.65	0.98	9.20	74.24	8.06	447.22	99.15	9.77	5.75	11.84	8.81	38.50	38.40	11.01	88.01	421.67	16.37	3.62	10.03	11.06	1.92	1.43	0.41	161.68	646.23	20.88	24.97	36.10	0.62	50.26	60.09
127	5.72	13.53	16.98	0.26	2.11	1.14	1.29	5.65	34.07	6.03	374.42	83.22	7.60	5.30	12.78	8.21	34.94	36.55	12.43	82.36	422.27	15.37	2.83	12.04	8.44	1.81	1.49	0.41	151.02	602.03	19.74	25.73	35.59	0.76	45.90	59.84
128	5.83	11.94	28.06	0.17	1.90	1.30	1.29	9.73	56.37	5.79	275.86	101.96	16.53	5.74	7.20	6.47	31.56	30.91	10.96	79.10	421.16	18.62	3.69	11.16	10.30	3.44	1.49	0.50	192.32	597.91	19.54	23.92	35.70	1.42	39.25	48.04
129	5.89	13.28	20.57	0.11	2.00	1.23	1.41	7.18	37.64	5.24	150.97	98.91	18.49	9.08	6.24	7.85	38.61	32.32	7.06	76.57	426.98	17.62	2.82	13.84	10.06	3.53	1.94	0.29	139.50	700.29	22.74	29.18	35.93	1.05	52.30	67.12
132	5.67	13.69	21.63	0.34	1.57	1.42	1.12	7.59	49.91	6.58	229.25	71.04	13.39	9.72	6.19	7.95	28.31	30.28	9.79	83.64	417.46	10.09	2.86	7.82	7.91	2.57	2.69	0.36	216.97	960.98	78.93	42.65	14.20	1.29	111.01	59.99
133	5.65	14.19	20.87	0.16	2.01	1.26	1.00	7.10	54.05	7.62	174.27	104.59	15.50	6.76	7.87	6.82	43.45	34.45	7.47	75.62	416.28	11.56	2.97	8.61	6.86	2.79	2.50	0.23	254.88	1070.55	75.43	30.03	16.56	0.65	161.72	64.38
134	5.69	13.75	27.65	0.66	1.84	1.56	0.98	7.95	72.96	9.17	333.75	67.79	11.66	4.23	6.78	6.75	36.01	26.62	7.50	81.37	410.23	10.19	3.76	6.00	8.16	2.70	1.67	0.31	227.53	820.73	45.00	31.57	14.58	0.85	113.29	79.47
135	5.84	13.42	27.09	0.33	1.78	1.65	1.00	8.41	70.20	8.35	278.51	110.97	16.28	10.27	7.95	6.85	39.02	30.57	7.97	80.29	414.76	11.70	3.72	6.97	7.47	2.08	2.36	0.41	213.26	888.30	65.80	27.76	15.75	1.56	95.36	40.23
138	5.88	13.69	25.50	0.03	0.45	1.70	1.15	13.64	57.19	4.19	251.37	70.98	14.27	6.08	5.80	8.67	37.90	31.64	6.86	78.54	410.88	15.98	3.94	8.99	4.74	1.90	5.58	0.56	143.55	1464.43	57.62	61.43	29.65	1.98	28.70	30.60
139	5.94	13.87	22.30	0.04	0.42	1.29	1.03	14.91	56.09	3.76	374.96	57.73	9.11	5.78	6.11	8.87	37.09	32.92	7.46	75.04	407.87	17.30	4.59	8.35	6.92	1.29	4.83	0.68	149.98	1385.15	43.46	74.79	37.19	1.79	22.24	38.28
140	5.97	14.09	23.50	0.04	0.54	1.34	1.30	14.27	46.56	3.26	326.67	68.91	12.97	5.64	6.20	9.33	27.79	24.57	6.78	82.08	403.14	16.93	4.62	8.11	6.71	1.54	4.91	0.99	203.44	1374.23	50.82	68.71	31.55	1.60	20.80	28.12
141	5.83	14.39	26.48	0.05	0.44	1.48	0.99	15.75	68.77	4.37	292.80	83.78	15.63	5.33	6.25	9.46	37.80	32.13	7.68	76.25	406.51	15.89	4.55	7.74	3.18	0.99	5.39	0.81	171.30	1128.87	45.41	53.76	29.00	2.23	18.84	22.31
144	5.77	13.73	23.34	0.37	1.54	2.11	1.32	6.77	45.72	6.76	223.32	77.54	14.37	6.25	6.30	7.27	44.48	33.32	8.52	83.10	404.67	17.85	4.01	9.86	9.18	2.42	1.37	0.33	506.82	331.23	18.28	9.96	21.13	1.52	53.95	29.40
145	5.78	13.39	22.52	0.28	1.98	1.16	1.11	7.68	52.47	6.83	192.05	89.52	16.73	8.06	6.24	7.71	34.48	34.14	10.41	80.43	398.78	26.02	5.44	10.59	8.14	1.22	0.67	0.30	391.92	97.54	6.01	6.06	18.94	0.38	39.38	39.73
146	5.77	13.15	21.21	0.23	1.55	1.46	1.20	7.62	45.60	5.98	258.96	73.08	13.04	5.16	6.54	8.87	30.25	33.50	9.31	80.37	404.61	21.81	4.67	10.34	6.98	1.92	1.92	0.47	351.72	468.70	27.90	23.44	19.60	2.74	45.74	38.42
147	5.63	12.99	24.40	0.46	1.32	2.30	1.06	6.97	59.52	8.54	353.93	64.07	10.77	7.18	6.94	10.20	33.00	33.06	10.76	80.65	406.85	16.64	4.39	8.39	8.77	1.69	1.81	0.44	431.25	513.18	29.32	17.70	20.42	1.11	53.32	32.17
150	5.72	12.99	24.87	0.37	1.09	1.84	0.87	8.80	73.90	8.40	278.92	62.88	10.92	4.35	6.72	7.09	44.11	33.93	7.54	79.66	429.00	14.68	3.48	9.33	7.24	2.22	2.11	0.36	394.57	655.27	32.51	53.31	23.52	1.21	57.94	95.01
151	5.84	14.15	32.73	0.19	0.91	1.36	0.76	15.50	111.82	7.21	273.60	85.43	12.65	7.10	7.88	7.33	24.20	22.31	6.66	81.81	432.62	14.11	3.41	9.17	5.43	2.29	3.38	0.38	386.67	1010.87	44.07	82.38	26.76	2.95	47.66	89.09
152	5.87	13.22	27.79	0.23	0.81	1.60	1.12	12.31	64.25	5.22	394.78	62.21	6.18	3.23	9.85	8.56	28.41	24.64	10.57	82.88	425.10	17.23	4.21	9.07	6.89	2.04	2.25	0.37	441.34	604.08	28.77	49.19	24.50	1.33	47.55	81.32
153	5.88	13.44	28.93	0.25	0.81	1.58	1.11	12.81	67.33	5.26	261.09	81.52	10.44	4.85	9.11	7.18	28.41	22.47	8.35	79.80	437.53	16.61	3.34	11.02	5.28	2.90	3.71	0.36	282.76	1207.15	54.38	98.30	25.90	2.54	55.67	100.64
156	5.96	13.42	28.28	0.17	0.87	1.32	0.75	14.01	97.29	6.95	259.24	98.71	12.46	12.44	9.24	9.44	33.28	22.32	6.86	78.89	411.83	15.26	4.29	7.87	5.47	1.58	6.37	1.05	319.02	1174.52	81.66	29.05	16.78	3.40	25.10	8.93
157	5.76	13.96	29.76	0.16	0.86	1.54	1.05	13.55	73.50	5.42	276.81	85.36	13.49	12.30	7.38	9.21	20.44	18.75	7.91	82.07	414.45	16.11	4.42	8.08	6.19	1.56	4.20	0.54	251.02	1109.58	61.58	42.77	21.02	2.10	41.92	29.11
158	5.69	13.42	28.01	0.28	1.07	1.44	1.24	11.71	58.50	4.99	324.79	77.58	12.38	15.18	7.31	12.50	25.87	26.55	11.37	82.87	415.79	19.28	4.55	9.37	6.61	1.25	4.27	0.64	299.75	1200.74	75.05	41.40	18.67	2.56	44.87	24.75
159	5.75	13.32	31.19	0.24	0.93	1.79	1.07	12.28	75.26	6.13	427.84	82.26	13.17	14.56	7.29	8.79	33.80	33.29	10.13	74.13	418.69	16.84	3.92	9.51	6.47	1.25	4.75	0.78	358.20	1348.25	79.31	36.44	19.83	2.71	37.97	17.45
